000000000000000000000000000000000000000000000000000000000000
000000000000000000001000000000000000000000000000000000000000
001000000000000000001000000001000000000000000000000000000000
001000000000000000001000000001100000000000000000000000000000
001000000001000000001000000001100000000000000000000000000000
001000000001000000001000000001100000000000000000000000000000
001000000001000000001000000001110000000000000000000000000100
001100000001100000001000100001110000000000000000000000000100
001100000011100000001000100001110000000000000000000000000110
001100000011100000001000100001110000000000000000100000000110
011100000011100000001000100001110000000000000100100000000110
011110000011101000001000100001110000000000000101100010000110
111110001011101001001000100001110001000000000101100010010110
111110001011101001001000100011110001100000100101101010010110
111110001111111101001000100011110001100001101111101010011111
111110011111111101111000100111110001100011111111101110011111
111110011111111111111000100111110011100011111111111111011111
111111111111111111111111111111111111111111111111111111111111