000000000000000000000000000000000000000000000000000000000000
000000000000000000000000000000000000000000000000000000000000
000000000000000000000000000001000000000000100000000000000000
000000000000000000000000000001100000000000100000000000000000
000000000000000000000000000001100000000000100000000000000000
000000000000000000000000000001100000000000100000000000000000
000000000000000001000000000001110000000000100000000000000000
000000000000000001100000100001110000000000110000000000000000
000000000000000001100000100001110000000000110000000010000000
000000000000000001100000100001110000000000110000000110000000
000000000000000001100000100001110000000001110000000110000000
000000010000000001101000100001110000000001110000001111000000
000001010000000001101000100001110001000011110000001111000000
000001011000000001101000100011110001100011110000001111000100
000001011000100001101000100011110001100011111000101111000110
001001011000100001111000100111110001100011111001111111100110
011011111011101111111000100111110011100011111001111111100101
111111111111111111111111111111111111111111111111111111111111