000000000000000000001000000000000000000000000000000000000000
000000000000000000001000000000000000000000000000000000000000
001000000000000000001000000001000000000000000000000000000000
001000000000000000001000000001100000000000100000000000000000
001000000001000000001000000001100000000000100000000000000000
001000000001000000001000000001100000000000100000000000000000
001000000001000000111101100001110000000000100000000000000100
001100000001100000111101100001110000000000100000000000000100
001100000011100000111101100001110000000000100001000000000110
001100000011100000111101100001110001000000100011100000000110
011100000011100000111101100001110001000000100111100000000110
011110000011101000111101100001110001000000100111100010000110
111110001011101001111101100001110001000000100111100010010110
111110001011101001111111100011110001100000100111101010010110
111110001111111101111111100011110001100001101111101010011111
111110011111111101111111100111110001100011111111101110011111
111110011111111111111111100111110011100011111111111111011111
111111111111111111111111111111111111111111111111111111111111