000000000000000000000000000000000000000000000000000000000000
000000000000000000000000000001000000000000000000000000000000
000000000000000000000000000001000000000000100000000000000000
000000000000000000000000100001000000000000100000000000000000
000000000000000000000000110001000000000000100000000100000000
000000000000000000000000110001100000000000100000000100000000
000000000000000001000000110001100000000000100000000100000000
000000000000000001000000110001100000000000110000000110000000
000000000000000001100000110001100000100000110000001110000000
000000001000000001100000110011100000100000110000001110000000
000001001000000001101000110011100001100001110000001110000000
000001011000100001101000110011100001100001111000001110100000
000001011000100101101010110011110101100011111000101110100100
001001011010100101101010110011110101100011111000101110100100
011011111010100111111010110011110101110011111000111111110100
111111111011100111111110110111111101110011111001111111110111
111111111111110111111111110111111111110011111001111111111111
111111111111111111111111111111111111111111111111111111111111