000000000000000000000000000000000000000000000000000000000000
000000000000000000000000000000000000000000000000000000000000
000000000000000000000000000000000000000000000000000000000000
000000000000000000000000000000011111111111111000000000000000
000000000000000000000000000011111000111111111100000000000000
000000000000000000000000000011111000111111111100000000000000
000000000000000000000000000011111111111111111100000000000000
000000000000000000000000000011111111111111100000000000000000
000000001000000000000000001111111111000000000000000000000000
000000001110000000000111111111111111111111000000000000000000
000000001111110000111111111111111111000001000000000000000000
000000001111111111111111111111111111000000000000000000000000
000000000000111111111111111111111100000000000000000000000000
000000000000000111111111111111110000000000000000000000000000
000000000000000000111110000111100000000000000000000000000000
000000000000000000111100000001100000000000000000000000000000
000000000000000000110000000000100000000000000000000000000000
000000000000000000100000000000000000000000000000000000000000