000000000000000000000000010000000000000000000000000000000000
000000000000000000000000111000000000000000000000000000000000
000000000000000000000001101100000000000000000000000000000000
000000000000000000000011000110000000000000000000000000000000
000000000110000000000110000011000000000000000000000000000000
000000001111000000001100000001100000000000000000000000000000
000000011001100000011000000000110000000000000000000000000000
000000110000110000110000000000011000000000000000000000000000
111111100000011001100000000000001100000000000000011111111111
000000000000001111000000000000000110000000000000110000000000
000000000000000110000000000000000011000000000001100000000000
000000000000000000000000000000000001100000000011000000000000
000000000000000000000000000000000000110000000110000000000000
000000000000000000000000000000000000011000001100000000000000
000000000000000000000000000000000000001110011000000000000000
000000000000000000000000000000000000000110110000000000000000
000000000000000000000000000000000000000011100000000000000000
000000000000000000000000000000000000000001000000000000000000