000000000000000000000000000000000000000000000000000000000000
000000000000000000000000000000000000000000000000000000000000
000000000000000000000000000000000000000000000000000000000000
000000111111100000000000000000000111111100000000000000000000
000011111111111111111111111111111111111111000000000000000000
000011111111100000000000000000000011111111000000000000000000
000000111100000000000000000000000000111100000000000000000000
000000100000011111110000000111111100000100000000000000000000
000000100000011000110000000110001100000100000000000000000000
000000100000011111110000000111111100000100000000000000000000
000000100000000000000000000000000000000100000000000000000000
000000100000000000000001000000000000000100000000000000000000
000000011100000011000000000001100000111000000000000000000000
000000000011100000111111111100000011100000000000000000000000
000000000000011000000000000000001100000000000000000000000000
000000000000000011111111111111100000000000000000000000000000
000000000000000000000000000000000000000000000000000000000000
000000000000000000000000000000000000000000000000000000000000