000000000000000000000000000000000000000000000000000000000000
000000000000000000000000000001100000000000000000000000000000
000000000000000000000000000001100000000000000000000000000000
000000000000000000000000000001100000000000000000000000000000
000000000000000000000000000001100000000000000000000000000000
000000000000000000001111111111111111111100000000000000000000
000000000000000000110000000000000000000011000000000000000000
000000000000000011000000000000000000000000110000000000000000
000000000000001100000000000000000000000000001100000000000000
000000000000011000001100000000000000011000000110000000000000
000000000000011000111111000000000001100110000110000000000000
000000000000011000001100000000000000011000000110000000000000
000000000000001100000000011111111110000000001100000000000000
000000000000000111000001110000000011100000111000000000000000
000000000000000001111111000000000000111111100000000000000000
000000000000000000000000000000000000000000000000000000000000
000000000000000000000000000000000000000000000000000000000000
000000000000000000000000000000000000000000000000000000000000