000000000000000000000000000000000000000000000000000000000000
000000000000000000000000000000000000000000000000000000000000
000000000000000000000000010001000000000000000000000000000000
000000000000000000000000100010000000000000000000000000000000
000000000000000000000001000100000000000000000000000000000000
000000000000000000011111111111111000000000000000000000000000
000000000000111111111111111111111111100000000000000000000000
000000000000111111111111111111111111100000000000000000000000
000000000111111111111111111111111111111000000000000000000000
000000001111110000011110000011111111111110000000000000000000
000000001111110100011110100011111111111110000000000000000000
000000001111110000011110000011111111111110000000000000000000
000000000111111111111111111111111111111000000000000000000000
000000000000111111111111111111111111100000000000000000000000
000000000000001111111111111111111100000000000000000000000000
000000000010110000000111110000000001011000000000000000000000
000000001111111111111111111111111111111000000000000000000000
000000000000000000000000000000000000000000000000000000000000
