000000000000000000001111111111100000000000000000000000000000
000000000000001111110000011111111111100000000000000000000000
000000000001111111110000011111111111111000000000000000000000
000000001111111110000000000011111111111111000000000000000000
000000001111110000001111100000011111111111000000000000000000
000001110000000001111111111100000000000000111000000000000000
000001110000000001111111111100000011111000111000000000000000
000001110000000001111111111100011111111000111000000000000000
000001111110000001111111111100011111111111111000000000000000
000001111111110000001111100000011111111111111000000000000000
000001111111110000000000000000000011111000111000000000000000
000001111111110000000000000000000011111000111000000000000000
000001111110000001111111111111110000000000111000000000000000
000000001111111110000000000000001111111111000000000000000000
000000000001110000001110000111000000111000000000000000000000
000000000001110000001110000111000000111000000000000000000000
000000000000001110000000000000001111000000000000000000000000
000000000000000001111111111111110000000000000000000000000000